-4.76 1.85 3.5 2.18 -3.71 
-4.35 -2.26 0.2 4.88 1.84 
2.37 -1.32 -3.74 0.58 0.18 
-1.09 3.4 1.96 -0.68 2.27 
-1.37 1.67 1.39 4.04 -2.2 
-0.57 -3.13 -1.59 -2.91 -0.98 
2.84 2.21 4.64 0.56 0.4 
2.77 -3.08 -3.69 -1.75 -2.96 
0.41 -3.18 -3.0 2.12 1.31 
-3.26 -0.58 -3.68 -4.33 -1.23 
-4.62 -1.68 1.94 3.78 0.01 
1.22 -1.72 -3.01 -3.06 -3.75 
-3.1 -1.1 -2.59 -0.34 4.34 
-2.61 -0.74 3.79 0.08 3.83 
-2.63 -3.81 -1.28 2.05 -3.69 
1.69 -4.95 4.98 -3.44 3.42 
2.37 -1.87 4.51 0.82 -2.29 
-0.12 -4.11 -3.42 3.14 -2.66 
3.75 -4.5 -4.12 2.57 2.78 
-4.21 1.64 -1.47 -4.93 -0.86 
0.48 -1.44 0.75 -1.8 1.78 
0.61 2.51 -3.35 2.55 0.99 
4.63 -3.16 0.02 1.7 -0.02 
3.11 4.75 -0.78 3.12 0.74 
1.39 -2.77 2.78 0.31 3.74 
-3.1 3.28 -1.08 2.75 2.89 
2.34 2.48 2.06 2.39 2.72 
-3.37 -3.08 4.75 0.23 -4.54 
1.8 -4.95 -0.51 3.75 3.98 
0.34 -2.19 3.82 -4.33 -1.93 
-0.35 -3.32 -4.28 1.26 -0.97 
-2.27 1.19 1.27 0.43 -1.95 
-1.01 -1.07 -1.59 -2.43 -4.99 
-4.8 3.25 -0.34 4.7 1.88 
3.1 2.61 4.21 -3.55 -1.7 
-0.25 2.72 1.66 0.09 -2.49 
2.83 -4.01 -2.53 -0.24 -3.31 
0.07 0.88 -3.49 -2.58 -2.77 
-1.66 -4.83 -1.99 -4.74 -1.45 
-4.52 -3.81 1.6 4.59 3.72 
4.81 2.94 -1.69 2.02 -1.0 
3.59 4.3 -2.66 -2.26 0.88 
0.26 -3.27 -2.69 -0.82 3.93 
4.08 2.72 -1.76 0.18 -1.97 
-3.57 3.79 2.13 4.58 -1.65 
-1.17 4.73 4.67 0.55 -4.14 
-1.0 4.56 -1.22 4.78 -3.55 
1.32 1.24 -4.71 4.53 -0.38 
-0.9 -1.0 1.75 -3.94 -2.51 
2.77 -0.93 4.47 3.7 -3.87 
-1.64 -3.95 4.63 0.53 0.76 
4.11 4.2 2.56 -3.33 -3.51 
0.98 0.29 3.96 2.14 -2.53 
2.72 1.99 -2.89 0.32 1.75 
-3.23 -0.44 -3.78 0.84 1.96 
3.63 0.21 0.44 -3.28 -2.86 
-3.35 -2.34 3.74 2.53 2.62 
-3.49 0.69 -4.0 2.64 1.78 
4.16 -3.01 4.25 -2.79 1.99 
-1.91 -3.2 -1.0 3.4 -0.54 
-1.24 1.94 -0.43 2.22 -2.38 
-2.74 0.74 -0.63 -0.78 -3.08 
-0.62 1.88 0.36 0.77 2.41 
3.32 -1.03 1.8 -3.09 -4.97 
-2.29 -1.74 -4.34 2.43 4.19 
0.4 -3.79 3.71 -3.07 2.28 
0.52 3.31 -0.62 0.83 -3.04 
2.24 0.25 1.73 0.58 -0.81 
-3.15 -4.46 -2.8 2.32 2.0 
2.8 0.81 0.16 -1.24 -0.31 
-0.07 -0.87 2.04 3.94 4.56 
4.47 0.05 1.89 3.77 2.47 
-1.0 3.85 -0.47 -1.37 -4.44 
-4.98 -1.88 -1.27 -2.7 -1.38 
-3.54 4.6 -4.55 0.46 2.84 
2.2 4.46 -0.06 -3.58 4.6 
-2.54 -4.3 3.32 -1.79 3.49 
4.87 -0.78 4.1 -1.42 -3.67 
0.62 -0.54 -1.34 1.76 -2.68 
4.17 3.41 -0.2 -3.07 2.6 
-3.74 1.81 3.0 1.45 -0.99 
0.49 -3.55 -1.02 1.78 -1.87 
-3.6 -3.68 -3.57 -0.96 -1.23 
-2.71 1.24 4.71 -3.02 2.51 
-0.79 2.53 -2.39 0.35 -2.27 
-3.09 -2.57 1.96 4.83 3.41 
2.68 3.54 -1.93 -1.38 3.56 
-3.72 -2.59 1.82 -0.29 -1.99 
-4.04 -4.96 -4.4 0.54 1.08 
-0.62 -2.14 4.99 3.99 -1.65 
-4.81 1.97 0.96 1.08 1.9 
-2.19 3.38 -4.21 4.1 -2.32 
-1.12 -4.34 3.14 3.31 -2.64 
3.83 4.24 -2.44 4.38 -2.47 
0.94 0.8 -2.45 -3.7 3.77 
-0.89 -4.82 -4.48 -2.7 -3.94 
1.28 -0.92 -3.03 -2.05 3.05 
1.27 -4.07 -2.94 4.1 -0.54 
-3.89 1.73 2.74 1.9 1.85 
-3.56 0.43 -3.09 1.32 0.33 
